PatientID	FAM195B	SPIN4	TRA2B	IRF4	ZC3HC1	ZBTB24	DPH5	ZNF174	RYBP	ECE2	KLHL2	NOP14	NCOA1	METTL3	SNX8	DHX35	SLC35C2	HSF4	TMEM117	NUMBL
R01-023	5.691346	2.015952	23.526861	6.13669	0.788643	5.627356	9.993098	0.788386	41.102205	50935.973898347656	32.731064	5.11768	24.204684	7.863742	2.362229	4.134557	12.30812	4.40633	5.665663	2.270412
R01-024	5.45875	4.80983	58.06727	3.029323	3.23503	5.67312	4.952932	0.872667	40.234469	1.57157	11.756773	3.917019	14.34746	3.863334	5.58514	5.645219	3.86557	5.364462	5.661515	6.020247
R01-006	10.0257	2.89361	75.42529	1.24762	2.07858	2.41289	9.805213	4.409961	60.18861	2.23524	14.092489	9.95126	11.41605	7.36815	1.59282	5.14739	6.610667	2.20616	18.773247	1.766879
R01-153	8.48031	2.93065	79.450805	5.38533	4.25104	3.44521	5.424949	2.21923	12.92778	1.82637	10.11693	6.66998	12.00691	4.97743	5.14738	6.507559	9.70191	3.32639	19.102194	1.36747
R01-031	16.292	3.019856	50.57783	3.782	2.70258	3.699529	5.054994	1.555135	31.207687	3.54308	16.767567	5.86505	10.7939	4.51041	5.70824	1.473755	9.997588	5.57913	7.634753	3.621613
R01-032	7.26743	1.613839	59.583335	1.713964	1.83344	3.36731	5.146068	0.64289	49.21106	52233.76684106914	25.532423	2.32748	34.042142	2.63296	4.974726	7.376602	2.72424	4.52865	15.023882	52233.76684106914
R01-033	6.06141	1.20902	20.521779	19192.408832832687	5.54883	1.65788	2.909087	1.79357	12.693525	1.61156	26.928148	12.116398	16.574045	6.921065	6.85747	4.38895	12.15562	21.73867	1.20967	0.540449
R01-034	7.00825	1.50545	52.811701	4.690626	3.3202	4.655211	11.958284	1.74018	26.140869	2.1581	21.11855	7.28267	16.321377	6.64411	4.80816	5.901036	5.92791	4.93188	3.122058	4.484497
R01-035	4.76314	1.664993	30.923687	7.95488	2.714541	1.2888	1.835785	1.73031	40.07018	2.96085	17.036353	4.23644	6.32255	3.78851	1.86076	1.26702	5.095475	5.06383	3.615241	0.9546
R01-037	6.510256	2.654774	38.41999	4.058157	3.83959	1.79495	7.801741	1.36973	20.914617	1.8836	18.384141	3.84387	6.215044	4.705825	5.71292	4.815163	4.343961	3.76003	359860.34926987806	1.979018
R01-005	1.90696	2.610625	21.02704	7270.41808348562	3.75298	0.676105	6.57964	1.17202	17.326957	7270.41808348562	18.894832	7.053309	25.013588	3.995574	2.837921	4.51564	5.483321	3.71052	7270.41808348562	7270.41808348562
R01-147	9.61301	2.154513	38.325013	5.138517	3.52877	11.26939	33581.80513990323	0.874089	90.254303	0.754973	35.32346	6.172048	69.873327	12.969476	6.92988	10.761583	8.939469	7.00248	137.776854	0.545343
R01-051	4.82482	1.187991	32.00513	9320.653081399108	0.770824	4.306643	16.342265	1.60373	19.952329	9320.653081399108	11.069827	6.84644	16.012602	2.00727	1.85079	7.495896	5.089806	9.91398	9.207156	0.969669
R01-043	11.5299	1.13219	32.1857	2.139878	4.07419	2.02387	3.87454	2.11448	6.23748	3.64156	9.58907	8.44342	7.49991	9.07187	4.73875	1.73556	7.16917	1.54849	1.22334	2.20296
R01-028	4.12636	1.795416	16.61325	2.017436	2.182554	2.700572	3.079424	0.577579	19.8859	53980.91285277469	13.050281	5.85128	19.823146	5.06679	5.088632	2.782758	5.87964	11.710175	1.990398	2.91522
R01-052	1.59315	18163.68984147779	6.645484	18163.68984147779	0.727942	18163.68984147779	18163.68984147779	18163.68984147779	2.39846	18163.68984147779	0.933004	5.673853	10.163792	2.95457	0.762543	2.90151	18163.68984147779	12.5228	18163.68984147779	1.20957
R01-056	25.078	4.1901	29.5845	1.83835	4.82898	3.52915	4.65067	2.1337	9.76094	6.15358	6.89945	6.34034	6.4458	12.2462	7.57646	2.40267	11.3791	1.907578	2.09195	0.938162
R01-057	8.15652	2.6127	44.521658	2.557674	2.95606	1.39087	4.363976	0.864688	81.18895	1.944716	26.169999	7.05082	25.83724	5.35765	6.19132	5.215499	7.421541	2.58203	9.054272	40219.20313405065
R01-059	9.20723	3.28071	82.369325	1.455811	3.21608	2.0199	2.16188	1.6349	15.45958	2.15928	10.002791	6.94548	18.26667	7.66909	3.523397	1.89647	7.7418	2.6661	8.564692	1.03327
R01-060	2.05689	3.284844	30.56573	3.062259	1.756428	3.94625	14.091557	1.35093	130.41729	27203.81206570939	32.259476	4.91862	64.230768	9.615344	9.004402	10.83978	6.173139	6.04379	1.240814	1.966995
R01-061	22.4611	4.77027	26.867369	13.4943	3.31261	2.66471	5.887693	2.58146	20.01686	6.41129	17.71278	6.06386	10.38135	7.15906	25.31969	5.454875	11.3469	6.94367	1.65471	47020.473834839744
R01-062	7.44127	1.35611	38.732305	2.41104	3.409199	2.164417	5.958089	1.46029	43.97624	2.3205	9.48589	3.76361	19.884997	5.37871	5.052941	5.531783	5.952209	1.379	17.780254	1.79039
R01-063	10.7098	3.99447	89.61117	2.18639	5.61052	3.69704	4.47742	2.58069	13.9163	5.90767	14.431715	10.5372	5.57893	8.25162	8.17125	8.464418	11.632417	1.91825	7.403956	2.35045
R01-066	7.082383	2.171809	21.281633	3.800583	5.826823	4.610253	6.708157	1.91513	40.175308	1.04205	13.174514	4.193957	23.452117	6.29943	4.553178	4.886983	3.580348	5.80984	21.602331	1.82887
R01-067	10.3234	2.467148	40.57866	2.04574	4.86345	10.15935	5.504575	1.50978	15.60007	2.74642	15.7527	7.34696	12.18931	6.45391	6.05774	2.59205	8.15665	33501.109330315194	1.47497	3.650137
R01-068	20.9793	7.26838	39.635023	3.53021	3.15948	2.32827	4.15026	1.83451	11.77223	5.40573	8.915117	13.8353	6.01968	6.09482	8.62492	2.40987	11.913854	2.27044	5.059783	4.85179
R01-072	20.253	6.21673	36.364182	3.44433	3.0336	5.13241	3.67151	1.92146	12.00431	4.89607	9.620104	13.9842	11.30127	5.757991	8.63542	2.27951	12.357631	6.66655	1.4781	1.93984
R01-080	21.05497	3.773004	56.023013	2.203757	2.41944	16742.447924037842	10.190129	2.00777	64.346909	1.67757	10.4046	5.2539	19.37129	4.991001	8.06609	4.430786	7.518018	6.11826	3.202333	1.920162
R01-081	13.3307	2.02939	76.355403	2.31838	2.61737	2.9798	12.202488	2.57607	37.95365	0.842369	11.011234	7.9607	12.39147	0.290849	6.29459	7.5238	8.31611	4.63488	18.168957	1.16638
R01-154	6.23988	2.700477	50.575034	0.697702	4.93384	1.57927	6.678472	1.16725	58.671337	1.29628	13.446815	6.52185	18.13374	8.654533	4.54092	5.615865	8.669502	2.814671	48.951115	2.862521
R01-083	2.51667	0.623101	65.66284	8.92638	1.26326	13015.203139517667	3.148005	1.12778	39.169929	13015.203139517667	8.955051	8.67713	15.970843	3.9147	5.376553	5.388705	6.03336	5.04546	11.448415	2.70722
R01-084	12.54041	4.15486	59.923167	1.689985	3.341443	2.56656	8.5543	0.828496	7.21449	5.91905	7.396201	5.24037	3.884278	0.785617	3.0849	8.765659	8.997921	2.74608	3.939157	4.379618
R01-048	5.684258	0.728899	12.265533	35.14595	4.391883	4.512627	12.066551	1.25484	65.57701	0.549797	35.785784	14.551594	71.568892	7.464933	16.16289	7.668651	7.726059	5.97866	70.684332	4.016538
R01-077	5.8606	0.863162	15.071364	1.36081	1.99415	4.937137	7.946594	1.56073	27.381408	1.42722	9.27248	18.65959	23.325444	5.6353	10.959061	12.397715	15.457738	11.90716	70.718877	3.44518
R01-078	4.916197	2.436051	36.66659	14.44541	3.424947	1.52888	7.450723	3.51718	79.147662	0.755533	10.389464	7.162344	57.806269	5.879764	3.761851	5.611639	7.402076	8.26899	54.606608	4.192747
R01-003	5.42569	5.048547	35.500192	0.564154	3.1348	3.59245	4.498065	1.97713	15.01104	1.72024	13.923139	9.906757	11.24688	5.1622	3.106667	3.0364	7.617902	16.06936	10.630962	2.27198
R01-007	4.455244	2.90316	196.61063	1.87412	3.70126	3.1903	20.682257	2.23267	58.10806	2.05931	16.184682	18.45971	23.56081	5.81924	3.28939	23.48819	9.906847	3.83093	41.78693	9.18382
R01-012	21.26841	5.14518	39.65595	1.15173	2.49116	2.69258	5.902657	1.62996	8.0783	1.4887	18.76461	5.42636	21.834081	5.78037	8.40544	3.430018	5.86962	2.304138	8.665406	46484.56485236614
R01-013	5.45948	2.629204	18.24323	6.872187	3.72993	7.47138	7.82901	1.60614	70.467223	0.721765	31.266831	5.534434	25.995689	0.671141	4.546532	6.809961	6.790569	4.27091	0.750897	1.908418
R01-015	20.72728	2.21818	30.15862	4.01798	1.52421	7.10926	3.292261	1.771948	10.30864	4188.380320799895	13.831705	6.139233	22.683483	4188.380320799895	6.11571	3.9605	6.142394	4.45775	25.424562	2.88588
R01-016	14.6983	1.82465	74.379337	4.11498	5.621412	3.68279	12.829858	1.83672	22.80628	2.04261	17.545013	8.08304	22.427442	5.96176	3.70009	7.950857	6.958895	0.946077	27301.522217659767	1.896372
R01-017	6.89553	2.030593	37.33536	3.604534	2.50273	4.32846	6.398943	1.96068	115.59987	18170.134766979307	20.142895	9.76541	34.206643	4.338004	2.552194	5.46618	7.492191	12.5693	8.198262	2.95452
R01-018	6.98584	3.038131	66.59724	0.616495	1.44911	6.190546	17676.032734014043	1.94116	27.031246	17676.032734014043	20.853571	17.21595	15.289126	6.810578	3.90232	10.59263	10.005611	8.05855	50.026662	14.55909
R01-021	7.92245	3.753389	55.60344	1.149894	4.88671	5.49934	17.359573	2.19797	179.49066	15752.722662996674	33.481545	8.23322	122.34922	2.177822	8.18585	9.30142	8.039662	6.39762	44.543871	3.557021
R01-022	1.69636	1.94547	36.239174	2.39757	1.04563	3.05489	7.081246	2.51417	23.880029	22621.718095399152	21.021693	5.20298	22.413001	3.46987	3.516745	7.33001	5.94	6.79328	1.917936	1.752176
R01-026	6.41781	2.780196	47.973032	34721.5926151137	4.214339	3.101159	13.409169	2.58813	18.34194	0.92974	29.09567	7.61854	47.578726	4.43284	3.408787	12.141665	11.708657	4.62693	20.707327	6.658708
R01-004	7.35363	3.18886	66.974682	5.83306	2.7713	8.659161	10.094593	1.22738	36.10659	3.73197	14.682441	5.3041	16.875	5.879139	3.02916	8.094965	11.831547	1.982534	82.292262	1.50197
R01-014	6.52937	2.378025	41.96657	1.611127	3.89452	3.22768	14.291981	1.20483	152.58497	14443.652173736344	30.54283	5.370398	48.68093	7.12873	2.38808	5.196764	2.50774	14443.652173736344	13.614165	0.77607
R01-027	11.76854	1.30423	16.30636	2.001771	2.60685	2.89701	2.213479	0.756528	50.32328	0.718798	7.4894	6.217225	21.852269	3.15426	6.23183	5.91241	6.981999	5.95751	5.850951	3.469257
R01-029	9.26601	3.25746	43.992773	48115.25600425751	1.43689	4.18618	1.72907	1.36081	26.742639	3.16332	16.342015	5.387919	5.3849	4.649826	6.86735	5.147129	5.77307	5.382126	46.217231	4.254159
R01-038	9.456308	2.05963	44.17405	5.29482	2.34472	2.883737	10.032747	1.01894	60.108698	2.27028	11.579605	6.611778	30.15868	5.03861	7.45606	8.06568	12.03108	7.30859	68.918967	4.132517
R01-039	4.85172	0.873252	17.72986	2.82681	2.855941	5.010579	3.484685	1.0681	10.010377	1.27854	20.03205	8.840082	9.682891	2.78095	1.78712	3.966708	7.538765	4.46811	24.371325	2.82547
R01-040	4.41251	0.945297	31.861861	3.68472	3.05704	6.171222	16.606411	1.821369	28.281853	16234.645013702228	20.590577	7.20232	49.436774	3.680543	6.481982	7.403749	8.94854	3.6156	30.360515	2.720616
R01-041	5.55723	0.465404	21.562	1.625384	1.62642	2.090314	12.433173	1.32618	26.48666	1.73172	14.454735	5.269788	24.643868	1.094218	7.410356	8.998062	13.782013	3.05199	152.637793	0.81524
R01-042	8.4291	0.993611	16.960249	4.77859	2.15668	2.84083	1.75384	2.63612	9.206996	2.28029	6.794072	7.7981	6.50695	6.824604	2.302602	1.1234	7.232767	2.5043	5.763001	2.513469
R01-046	5.71926	0.476161	109.404047	4.327	4.66254	4.66733	4.525705	1.81732	8.31296	6.36462	4.07697	5.204909	6.72456	4.930624	3.11685	2.77968	8.1496	3.11912	5.72868	1.222909
R01-156	6.70196	0.721109	56.5593	2.86113	1.55084	1.60949	4.36467	3.154358	18.466607	6.96878	5.678425	7.00496	36.51287	6.76609	5.264328	20.20858	10.526595	42359.658128127354	244.18289	2.907103
R01-049	3.926792	1.473314	29.2397	2.193926	3.305851	3.984621	10.975631	1.53352	41.609194	3.12301	14.440209	6.096724	12.5188	8.386449	4.033865	9.20151	10.509363	11061.222957256852	109.573944	5.154497
R01-160	13.06624	2.670702	32.99316	1.780057	1.06838	2.9185	4.669716	1.32935	51.43737	1.4894	11.599222	9.77307	3.56253	7.537475	7.505572	8.321505	10.927453	14.6263	15.224619	3.454297
R01-054	9.418786	3.1903	30.661807	1.994791	2.443579	2.87619	2.396459	1.30368	46.6148	1.24349	5.793722	10.08885	38.48393	9.885524	1.42437	7.852698	15.23832	6.66604	12.078831	3.137757
R01-055	1.51475	0.980965	36.41114	11.240674	0.953294	5.413204	6806.062614343416	2.53713	23.255666	6806.062614343416	11.341221	6.27471	25.312876	2.61989	1.82853	12.80454	5.77564	9.7986	51.572993	3.57806
R01-064	2.26061	1.706808	15.55861	2.174261	2.3733	3.969762	0.716775	66873.84703473822	70.207	66873.84703473822	37.942052	11.301958	11.863806	4.923205	2.270006	7.108895	5.23174	3.30873	66873.84703473822	0.766383
R01-065	6.97405	2.83483	52.05566	24925.4780430645	2.71021	3.6564	3.115155	1.15555	18.398698	4.16727	11.506632	11.88957	10.95682	7.15378	3.896158	9.412105	10.002255	6.16502	223.579202	1.869425
R01-069	4.48201	10675.335912166747	29.83051	10675.335912166747	1.91805	6.917935	0.844502	0.726946	2.46969	0.904568	3.11119	10.03229	8.393914	6.78503	9.44008	5.573307	8.85487	3.95365	21.012787	2.65963
R01-071	19.0832	4.82571	46.921448	15917.80302353811	3.0412	6.45164	5.688351	1.37088	13.275	2.54987	12.19778	11.161155	17.78399	7.16807	3.11906	2.04634	10.275257	4.38257	207.63044	2.909927
R01-073	10.3677	19140.353857575963	62.75335	1.590658	4.6975	4.120057	12.740678	1.606195	28.881381	2.46534	9.37179	9.21339	19.522441	1.820465	8.349183	50.626182	7.027567	1.97256	137.006384	1.669909
R01-076	9.31421	1.07194	23.67438	2.074695	1.01117	3.74526	9.570107	2.14171	51.82607	7993.530305647851	19.895753	6.600101	7.89869	4.707552	3.52877	7.65033	10.68603	5.45287	18.163626	1.75269
R01-148	9.89768	2.755842	44.6768	4.10506	2.16486	4.170091	2.58588	1.421676	52.689238	0.929655	16.9726	10.682743	15.74622	4.68776	13.394112	1.99595	5.61274	2.3185	10.33534	8.559009
R01-149	14.27562	1.1721	19.693486	10515.73714145572	6.506876	3.889395	10.832805	2.29182	75.954964	0.744928	21.055736	10.259981	35.944823	2.22285	3.747145	5.569106	9.754111	5.80146	3.178114	5.388449
R01-079	4.103691	1.139815	19.06801	2.159134	1.06495	2.320509	2.296962	0.675844	26.112755	12157.134028545124	10.796539	5.528585	9.640347	3.00322	7.604732	5.565577	10.800833	7.34163	4.225935	2.253975
R01-150	1.998	9815.763621146476	58.91903	1.03718	2.457666	2.96182	12.733893	0.965198	4.48408	11.45	4.546842	5.48573	16.892762	2.31048	3.70931	3.330404	14.61424	4.3344	43.905469	3.633232
R01-089	6.244017	1.007	12.063622	2.183824	2.93516	2.695205	5.952505	1.6948	33.76425	11819.273065189227	33.164565	15.25928	20.200045	6.40452	6.189403	6.288019	11.787784	11.8526	5.001311	5.256633
R01-157	3.824827	3.649306	41.848608	1.152926	2.58031	1.92531	4.13934	2.203366	24.374282	3.4744	34.397897	7.821645	23.781687	6.47557	3.52598	6.015292	8.28516	19.2831	33.659053	7.54484
R01-158	12.929	1.444796	132.701494	0.378641	2.33963	2.59001	5.50128	2.80035	3.9015	19.6339	2.15165	5.62135	6.89422	5.53968	6.697968	20.574915	10.835577	4.77546	7.81151	1.25287
R01-151	7.112779	2.504056	46.976773	3.072185	4.021255	6.89431	12.238754	1.62288	28.22606	2.328415	32.179815	5.76091	43.66554	10.86372	6.252925	15.336195	12.12671	3.80711	75.881915	4.322445
R01-152	6.214664	0.569467	17.67869	3.55453	1.53067	2.998858	6.758797	16925.180883828496	63.854901	16925.180883828496	26.532724	7.088303	40.800862	5.03857	5.515947	10.457669	6.84673	8.9392	27.119025	4.19392
R01-091	11.459998	2.696312	36.13906	4.93589	2.719726	11.137473	14.470076	1.38047	57.638181	1.21694	13.36664	4.49098	28.036421	6.19631	8.80923	14.32213	20.167366	5.3367	55.774606	3.575977
R01-159	3.649189	0.795948	17.10888	11.88411	1.69587	5.823101	9.070376	1.00992	59.38283	0.913983	20.146902	6.629598	63.0709	6.55206	9.991761	5.766671	7.338038	4.7445	70.926895	3.389347
R01-093	1.69551	15719.693418390043	21.043	2.749587	0.743085	0.962143	0.935066	0.95252	3.235154	15719.693418390043	15719.693418390043	3.94522	3.218249	2.67081	15719.693418390043	4.160635	3.641141	9.105005	2.213065	2.74004
R01-094	7.514635	1.595567	16.02046	5.911718	1.1606	2.63187	0.974126	0.887216	63.238657	1.09267	9.140166	5.932305	19.004193	7.50291	10.82343	3.48923	8.891712	6.44206	14.317299	3.728793
R01-096	3.35774	1.08268	11.209457	3.598813	0.618468	0.949871	1.1418	10006.414644718841	7.905786	10006.414644718841	2.82482	8.62903	4.30776	3.278923	3.04761	10006.414644718841	2.29922	18.57586	2.69287	3.04963
R01-097	6.621526	2.255176	17.297443	9472.313849333417	2.85577	5.763689	8.878751	1.76272	57.700308	0.895096	25.291514	6.844854	21.758026	1.43231	3.209653	8.88967	3.932741	13.2788	29.623548	1.00976
R01-098	12.76219	2.125026	13.21795	2.242829	3.49955	4.909956	8.215758	1.22695	62.36049	0.965832	81.442308	7.23248	22.101402	7.531484	4.89047	7.651914	10.853581	3.30862	25.096835	4.788181
R01-099	9.9303	1.23841	32.51443	2.550357	2.82111	4.696224	0.746868	2.10754	22.81556	3.0221	14.671762	28.23063729917106	10.42414	5.8103	8.37391	4.49942	12.024655	5.24413	28.23063729917106	2.71209
R01-100	9.87043	2.26903	36.43473	4.06521	2.20815	2.09708	5.420935	1.65202	12.13937	1.44514	6.697174	6.16302	6.52517	4.670485	2.16299	10.940148	6.40293	3.73077	12.613651	4.83425
R01-101	29.54336	0.99989	38.0853	3.01315	3.21865	6.99229	7.10381	1.41972	47.409004	2.22387	27.881206	8.78046	15.57781	5.984461	3.261827	10.27576	9.044403	1.59462	47.6493	3.196978
R01-102	13.86507	4.08111	27.943	6.52503	7.036385	5.340224	10.021849	2.64994	59.69605	68.61894306733188	29.387689	6.220663	45.367148	8.6155	6.09721	14.547937	10.299313	8.279303	56.646569	5.12157
R01-103	15.66716	4.84765	51.29669	1.7436	12.87546	1.90076	4.977362	2.332826	16.05559	2.96817	18.107586	8.63682	6.379007	6.374669	9.87963	3.744092	9.862524	5.577745	3.931184	4.446519
R01-104	10.93056	1.691825	24.31383	2.22471	3.997272	3.98924	10.7139	1.92745	51.660682	1.93057	29.446756	5.105421	19.32272	49.93447121604011	4.207152	5.916025	11.772469	7.28995	0.42901	1.281617
R01-105	7.85791	2.52665	39.9734	7.62169	1.24831	3.403926	7.404301	0.589274	124.263422	61.93380106407967	128.74153	5.138695	40.09645	3.489863	2.50194	3.573387	8.906847	4.261915	1.144168	8.87165
R01-106	9.88985	68.512086262243	36.40419	5.16651	6.0496	1.757281	3.74754	1.54622	16.51058	2.91711	12.40725	6.593249	8.06899	6.23714	4.32858	11.34585	17.42006	8.07067	11.265838	4.67921
R01-107	12.3435	0.795788	35.690931	1.20975	3.11384	3.36079	4.131607	1.974278	14.64298	1.52203	10.10589	6.19867	6.5429	3.45231	6.17967	1.959092	9.855307	6.117871	2.129462	1.53195
R01-108	11.7803	3.45927	26.93435	16.89739	2.53645	2.95971	5.374923	2.016582	7.364375	3.53307	5.35666	4.32657	7.525346	6.02064	4.44329	5.898311	14.16299	6.78046	3.976785	5.431024
R01-109	11.336	2.45586	26.92744	4.97445	1.91244	4.08239	11.562219	1.5917	34.529898	1.52729	12.57746	3.98603	7.48247	6.053451	4.51215	3.420563	15.752892	13.970551	20.12241	3.09474
R01-110	7.531292	3.223399	16.27366	29.72732	3.919343	13.631012	12.471954	3.04083	36.094071	38.01239258116554	44.690177	4.97814	36.576231	3.35474	11.589363	16.071299	6.614044	6.34138	54.732239	3.863903
R01-111	7.870622	2.301775	37.682772	5.8043	3.55538	3.115423	2.62151	1.2261	74.31262	2.05733	23.64785	9.12402	16.13434	4.895253	6.5012	5.913213	14.084135	5.345	60.306104	8.34586
R01-112	2.711206	0.566015	56.73289	4.54796	2.71023	4.29433	17.11499	1.39853	28.25773	5.834192	8.443523	10.47768	7.15768	4.160106	1.86617	26.480779	10.318477	9.16672	181.25951	13.823764
R01-113	8.305322	1.25347	57.60875	2.789363	2.62054	3.831832	2.44408	1.76957	33.81959	1.1303	26.28084	10.8893	15.30512	5.587764	8.556365	4.79238	7.525616	5.4541	27.100835	9.339183
R01-114	8.526874	1.2559	79.21842	3.236185	1.91548	6.08497	12.53068	3.72465	10.42501	12.0232	6.579221	7.88886	12.71717	7.131847	4.63103	7.408355	8.069681	1.3385	73.12349	6.431879
R01-115	3.80043	2.67021	21.44574	1.924133	2.16064	3.62319	11.778675	2.572985	15.61064	2.08785	8.518669	5.291685	11.694055	6.395878	6.8442	6.246923	10.646051	8.55322	36.375972	3.391301
R01-116	5.341729	1.58076	29.49907	9.99006	1.85068	5.928714	9.53987	1.48893	48.33335	48.29966654726451	53.396839	8.592429	69.63613	3.933928	3.08616	8.512774	5.59221	3.175748	37.839672	5.95874
R01-117	5.419356	2.14294	29.317435	0.654007	2.80174	6.35464	6.602846	1.77022	23.14607	1.35817	4.950596	7.04384	17.17629	9.601213	49.85476495585739	7.700481	6.567218	8.79588	49.85476495585739	8.918912
R01-118	3.96241	2.432755	24.469844	6.225508	3.504651	5.986431	4.04997	1.98012	42.50033	56.16680833006258	20.400387	2.71871	20.61526	3.928465	2.51135	3.321512	8.423519	56.16680833006258	29.401897	10.241447
R01-119	1.48244	2.2308	77.84081	3.34918	4.053067	4.502236	10.666393	1.80517	56.59355	1.59734	17.282655	14.9772	17.33808	3.77665	2.30631	6.226272	5.961486	2.34368	87.321747	9.548901
R01-120	3.42685	2.64063	30.05324	2.35894	3.86026	2.44843	3.14277	0.720489	9.25041	1.08527	6.86858	4.42732	4.94782	4.15331	2.438	6.94974	2.29817	3.41149	71.46216353739193	0.87926
R01-121	4.43005	3.60521	36.56058	5.20915	3.02626	3.12895	8.48531	3.05151	12.26829	2.83716	37.3354	5.29146	11.57069	6.122839	9.799786	9.604281	8.345822	5.37876	116.43667	3.499897
R01-122	6.650909	2.48419	24.141716	12.68682	2.459309	3.2123	10.682393	1.930368	53.780983	0.962896	16.826724	3.0741	46.804595	4.0487	9.1035	4.7548	8.649995	6.61443	53.923777	4.14495
R01-123	8.535718	5.33337	11.682749	2.597167	3.3864	4.988484	6.29076	1.321914	46.35841	0.810424	49.351926	5.00945	23.88541	6.294275	3.32181	2.2687	8.389597	3.65306	22.531781	7.738584
R01-124	5.26451	3.26375	59.60431	3.402752	2.58773	2.45288	7.113294	3.14158	4.42302	7.43486	17.414742	6.04655	19.15004	5.10307	3.57635	8.373104	7.708048	13.0543	80.067969	1.601299
R01-125	5.518175	4.27449	19.46132	52.296500526935304	10.372758	15.07296	15.646194	1.21001	65.12651	1.53442	10.121801	7.261145	34.4378	6.63795	6.84611	14.477666	8.51137	2.554038	292.949463	3.427473
R01-126	9.576806	2.130652	27.90934	2.02188	1.49521	2.35242	5.885551	2.754312	24.058655	1.03033	21.2444	5.34515	14.83159	5.62598	3.060441	9.839757	18.589129	5.32933	16.831223	4.318822
R01-127	6.63711	3.844192	25.969	4.51786	4.13711	4.95731	13.118541	3.41953	44.53752	1.6659	34.79738	8.140523	21.93519	1.374398	6.86787	4.08684	11.91898	4.41025	3.031659	4.137063
R01-128	4.49111	5.35479	22.03208	0.801901	3.67395	5.580377	7.380644	1.682224	38.334675	1.59822	18.160116	6.89052	10.008199	5.444539	3.65037	4.91241	6.95164	8.81307	3.853433	3.334269
R01-129	6.470259	2.71664	14.33801	2.273482	4.77219	3.806185	5.296307	1.31925	32.23294	99.20322761076145	23.62654	11.523906	46.72905	9.54675	7.82627	9.47324	12.540407	4.18189	2.973939	9.60529
R01-130	7.46548	0.81943	21.143533	5.43519	5.784181	4.768319	9.461367	1.65942	49.14675	91.9823801026351	39.035351	6.220263	11.330466	6.971723	7.9678	7.741319	8.461265	5.47495	8.493877	4.487961
R01-131	5.83142	3.11276	25.45806	5.23632	2.61743	8.563839	8.80169	2.10669	49.71766	86.0220108666265	54.815229	7.72283	51.425969	2.7742	5.150855	15.868185	7.25381	4.79501	6.100027	4.95791
R01-132	8.90041	1.4711	19.82745	2.99924	1.87612	3.9041	10.974451	3.43371	6.13643	2.69703	14.547343	2.847835	9.96423	9.65555	5.1259	6.190004	5.630862	19.9129	151.0802749656188	1.573327
R01-133	2.07892	3.1102	8.71835	0.848698	256.4731868961844	6.71376	5.034674	1.19081	32.92441	256.4731868961844	13.711348	7.16973	17.606451	3.87941	2.59473	256.4731868961844	9.31877	7.95276	1.3813	3.26559
R01-134	13.30071	5.36947	41.80232	6.53633	7.07765	2.47337	6.46593	1.38261	7.70354	1.93072	7.38935	5.150956	6.97755	6.709665	3.803682	11.087164	12.917326	4.81181	4.255059	2.97409
R01-135	7.80229	4.14094	32.87623	4.263131	2.63422	69.84371009240054	7.227485	1.22202	7.58092	69.84371009240054	14.61274	3.72369	7.72027	9.56783	4.77391	9.111921	6.54556	8.35895	3.444968	8.788446
R01-136	9.888568	3.844451	17.29309	1.88381	4.944559	8.661047	14.180601	2.140985	45.5972	43.99065121451025	35.940212	5.634526	27.307573	43.99065121451025	1.96857	10.616529	10.739651	13.2304	12.373555	6.156038
R01-137	8.99794	1.42845	23.544077	3.17414	5.61993	7.395971	5.538853	3.38116	54.310042	1.80472	17.566907	9.895281	12.07208	4.85228	6.24398	6.509522	8.144066	6.153711	0.670622	5.558231
R01-138	7.989963	0.984011	18.411068	4.43989	3.87893	3.91533	7.649199	1.50616	40.44852	1.22119	15.028147	4.811938	13.42563	3.42977	2.22563	10.001562	9.446458	5.63243	1.27651	0.828173
R01-139	9.85813	2.58273	22.55541	4.50728	3.39929	5.59926	12.08544	1.633751	16.87947	2.74178	33.190378	6.8829	12.15198	9.43418	4.17904	7.22031	11.13654	4.47454	8.468748	6.313637
R01-140	7.82699	1.87407	72.866612	56.51293701804393	2.57905	56.51293701804393	4.29449	2.896164	67.301174	3.6513	23.91443	8.57109	6.84158	7.551602	1.3558	7.092018	15.12905	7.42877	0.48756	3.16895
R01-141	8.079399	1.86135	23.57326	9.87624	4.50101	23.69024	18.64816	3.39594	50.074239	0.780021	34.73618	11.80951	31.10512	7.53411	49.3658	9.414579	16.398513	4.06405	86.574834	1.627616
R01-142	13.90765	3.933218	24.924817	3.211928	3.346665	3.078227	13.399789	2.646614	34.235367	2.46339	15.968182	4.70648	23.867678	7.32254	10.92454	8.324352	15.781342	77.06740634938355	16.569552	6.145367
R01-144	8.18809	2.32287	23.881066	2.858563	3.44201	6.051688	5.413221	2.98228	108.50354	2.25015	137.20914	11.45009	19.61497	4.033169	7.39849	9.39737	9.571307	4.84427	53.66686360377194	5.011145
R01-145	11.6429	2.40382	21.38786	10.20775	2.4896	5.158811	4.28905	1.661818	48.511152	0.736409	13.750663	4.78641	8.52075	2.40849	7.92065	7.479798	8.650337	4.730828	41.754254	5.039151
R01-146	8.1797	4.31257	40.22122	3.00446	5.34842	5.73818	4.658593	2.20947	16.42923	7.21733	4.78263	4.7731	9.47805	3.47809	6.4083	4.35531	8.460205	4.35907	10.923196	4.253597
